# Created by Octave 5.2.0, Sun Jul 05 03:35:22 2020 GMT <unknown@Laptop>
# name: sol
# type: matrix
# rows: 151
# columns: 1
 1.8796854556706613
 -1
 -0.96099331493095441
 -0.84488200438990135
 -0.65876543529858633
 -0.4369582943035395
 -0.23128457723445792
 -0.061493591866572647
 0.08497368575979132
 0.21984377908041747
 0.34124926126964361
 0.43212010067459711
 0.46762779188920184
 0.42861805496568955
 0.30650659196243862
 0.11685789192130354
 -0.097846111274733596
 -0.28798369890924652
 -0.41052381347920835
 -0.45080646626937509
 -0.418819217523897
 -0.3323333295611629
 -0.21475843093396949
 -0.083196402904694683
 0.060547948091413353
 0.22832833875879022
 0.43299686550794531
 0.65543912604391263
 0.84338305269841962
 0.9607407932515083
 1
 -2.5557324458824723e-19
 1.2451025241415408
 2.4611977056366596
 3.4796867789168577
 3.6004491331007604
 2.9647041224319906
 2.4550639385297286
 2.2202059022884679
 2.0848790832064727
 1.7904123385916659
 1.1102061080069752
 0.0232076615217344
 -1.2684076596810201
 -2.6294189020738612
 -3.424212087088808
 -3.4291900483726785
 -2.6400463480367815
 -1.2714628747736403
 -0.014368881838900609
 1.0354093492658478
 1.7252404757787487
 2.0277778676076665
 2.1717129357367546
 2.4166404771852568
 2.9389489491821075
 3.5941184075201287
 3.5062906746224392
 2.4929234924453687
 1.253163075287371
 7.7886179853175612e-20
 3.1415926535897931
 3.1187846173014688
 3.0514591994339284
 2.9454851268005742
 2.8231202573937173
 2.7163236903407677
 2.6380760283439781
 2.5828640145404007
 2.5454353727981633
 2.5271806703135855
 2.5365953920022482
 2.5857686994032343
 2.684200508517363
 2.8363033687143759
 3.0321262157707429
 3.2443519600614286
 3.4404031602080756
 3.5926168897011403
 3.6914602883990359
 3.7420861555814393
 3.7533663770040429
 3.7367274557017263
 3.7006951218855422
 3.6466216503066722
 3.56918306184502
 3.4627053110246586
 3.3397961689949236
 3.2326557267948401
 3.1645581839140662
 3.1415926535897931
 -1.1332614758426059e-19
 -0.72803786078241273
 -1.4210052474548009
 -1.9617119763746829
 -1.9442033261716292
 -1.4647681261998999
 -1.0329155912483907
 -0.72946483707239818
 -0.46526618218965576
 -0.11742819305295643
 0.41794832992831815
 1.1516751843847512
 1.9902912443662089
 2.8648677085025871
 3.3858434662435037
 3.3884520288990463
 2.8695482280972588
 1.9891496892864076
 1.165954767928163
 0.45003477281714965
 -0.089967473507956724
 -0.44115080690086189
 -0.70900975236058017
 -1.0170281570818536
 -1.4548297546864923
 -1.9439650142789551
 -1.9793236016495279
 -1.4406244122576406
 -0.73306510729002372
 -8.5083189451400712e-20
 20
 20
 20
 15.625502117934952
 -7.2157323455286972
 -8.7230657945974723
 -3.4416817006132105
 0.45710444486346119
 -0.1612352683087088
 -5.6898894642657512
 -14.580425786341642
 -20
 -20
 -20
 -1.9335243706621474
 1.1422133171452151
 19.44020129158914
 20.000000255448946
 18.38859487509179
 14.960205321880789
 6.1926380108666104
 0.73562249992857576
 0.17004321868086558
 4.1455977977524823
 9.5874672468758018
 8.3553476802088937
 -14.262989498101273
 -20.000000275797635
 -20.00000040420132
 -20.000000235732632


